101
5.45521945 -8.40671496
5.38456299 -8.22081196
5.25991752 -8.06584175
5.09348420 -7.95697388
4.90155468 -7.90486512
4.70291638 -7.91461622
4.51701337 -7.98527268
4.36204316 -8.10991815
4.25317530 -8.27635147
4.20106653 -8.46828099
4.21081763 -8.66691929
4.28147409 -8.85282230
4.40611957 -9.00779251
4.57255289 -9.11666037
4.76448240 -9.16876914
4.96312071 -9.15901804
5.14902371 -9.08836158
5.30399392 -8.96371610
5.41286179 -8.79728278
5.46497055 -8.60535327

5.77777131 -6.46849627
5.71873649 -6.27858274
5.60390452 -6.11620700
5.44451597 -5.99726352
5.25617290 -5.93339532
5.05731163 -5.93085426
4.86739809 -5.98988909
4.70502235 -6.10472105
4.58607887 -6.26410960
4.52221067 -6.45245268
4.51966962 -6.65131395
4.57870444 -6.84122748
4.69353640 -7.00360322
4.85292495 -7.12254670
5.04126803 -7.18641490
5.24012930 -7.18895596
5.43004284 -7.12992113
5.59241858 -7.01508917
5.71136206 -6.85570062
5.77523026 -6.66735754

5.53518776 -4.10670513
5.44953206 -3.92721875
5.31260430 -3.78298612
5.13780794 -3.68812574
4.94225324 -3.65192321
4.74508248 -3.67792227
4.56559610 -3.76357797
4.42136347 -3.90050573
4.32650309 -4.07530210
4.29030056 -4.27085679
4.31629962 -4.46802755
4.40195532 -4.64751394
4.53888308 -4.79174657
4.71367945 -4.88660694
4.90923414 -4.92280948
5.10640490 -4.89681041
5.28589129 -4.81115471
5.43012392 -4.67422695
5.52498430 -4.49943059
5.56118683 -4.30387589

8.14482489 -4.04456972
8.05993461 -3.86472005
7.92362255 -3.71990540
7.74923189 -3.62430122
7.55383320 -3.58726591
7.35655347 -3.61242477
7.17670380 -3.69731505
7.03188915 -3.83362710
6.93628497 -4.00801776
6.89924967 -4.20341645
6.92440852 -4.40069619
7.00929880 -4.58054585
7.14561085 -4.72536051
7.32000151 -4.82096469
7.51540020 -4.85799999
7.71267994 -4.83284114
7.89252960 -4.74795086
8.03734426 -4.61163880
8.13294844 -4.43724814
8.16998374 -4.24184945

6.34150330 -1.70515550
6.25335090 -1.52688208
6.11442346 -1.38457456
5.93832017 -1.29216301
5.74227926 -1.25869332
5.54549056 -1.28744172
5.36721713 -1.37559412
5.22490962 -1.51452156
5.13249807 -1.69062485
5.09902838 -1.88666576
5.12777678 -2.08345446
5.21592918 -2.26172789
5.35485662 -2.40403540
5.53095991 -2.49644695
5.72700082 -2.52991664
5.92378952 -2.50116824
6.10206294 -2.41301584
6.24437046 -2.27408840
6.33678201 -2.09798511
6.37025170 -1.90194420

4.01964293 -5.73768798
3.97431443 -5.54404503
3.87136551 -5.37388693
3.72087352 -5.24386992
3.53756967 -5.16672098
3.33939701 -5.14999198
3.14575407 -5.19532048
2.97559596 -5.29826940
2.84557896 -5.44876139
2.76843002 -5.63206525
2.75170102 -5.83023790
2.79702952 -6.02388085
2.89997844 -6.19403895
3.05047043 -6.32405596
3.23377428 -6.40120490
3.43194694 -6.41793390
3.62558988 -6.37260540
3.79574798 -6.26965648
3.92576499 -6.11916449
4.00291393 -5.93586063

7.49139487 -7.65312612
7.45701846 -7.45724217
7.36379307 -7.28156835
7.22084427 -7.14330085
7.04216487 -7.05597426
6.84524527 -7.02813670
6.64936131 -7.06251311
6.47368750 -7.15573849
6.33542000 -7.29868730
6.24809340 -7.47736669
6.22025584 -7.67428630
6.25463226 -7.87017025
6.34785764 -8.04584407
6.49080644 -8.18411157
6.66948584 -8.27143817
6.86640544 -8.29927572
7.06228940 -8.26489931
7.23796321 -8.17167393
7.37623071 -8.02872513
7.46355731 -7.85004573

3.14099365 -7.44539865
3.05556100 -7.26580599
2.91881255 -7.12140335
2.74413417 -7.02632589
2.54862460 -6.98988043
2.35142169 -7.01563452
2.17182903 -7.10106716
2.02742639 -7.23781562
1.93234892 -7.41249400
1.89590347 -7.60800356
1.92165755 -7.80520647
2.00709020 -7.98479914
2.14383866 -8.12920177
2.31851704 -8.22427924
2.51402660 -8.26072470
2.71122951 -8.23497061
2.89082218 -8.14953796
3.03522481 -8.01278951
3.13030228 -7.83811113
3.16674774 -7.64260156

7.36146651 -3.06724415
7.30551798 -2.87639860
7.19333325 -2.71218274
7.03589374 -2.59067117
6.84861073 -2.52375828
6.64981678 -2.51799397
6.45897123 -2.57394250
6.29475538 -2.68612723
6.17324380 -2.84356674
6.10633091 -3.03084975
6.10056660 -3.22964370
6.15651513 -3.42048925
6.26869986 -3.58470510
6.42613937 -3.70621668
6.61342238 -3.77312957
6.81221633 -3.77889387
7.00306188 -3.72294535
7.16727774 -3.61076062
7.28878931 -3.45332111
7.35570220 -3.26603810

1.73555904 -8.61185247
1.69817560 -8.41652009
1.60226081 -8.24230007
1.45720348 -8.10624629
1.27720283 -8.02167663
1.07987857 -7.99686937
0.88454619 -8.03425281
0.71032617 -8.13016760
0.57427239 -8.27522494
0.48970274 -8.45522559
0.46489548 -8.65254984
0.50227892 -8.84788223
0.59819371 -9.02210224
0.74325104 -9.15815602
0.92325169 -9.24272568
1.12057595 -9.26753294
1.31590833 -9.23014950
1.49012835 -9.13423471
1.62618213 -8.98917738
1.71075178 -8.80917672

9.07133268 -6.67554767
9.00413935 -6.48836509
8.88239209 -6.33110776
8.71800839 -6.21916912
8.52707925 -6.16350651
8.32829416 -6.16956857
8.14111158 -6.23676190
7.98385425 -6.35850915
7.87191561 -6.52289286
7.81625300 -6.71382199
7.82231506 -6.91260709
7.88950839 -7.09978966
8.01125564 -7.25704699
8.17563935 -7.36898563
8.36656848 -7.42464824
8.56535358 -7.41858619
8.75253616 -7.35139286
8.90979349 -7.22964560
9.02173212 -7.06526190
9.07739474 -6.87433276

9.22193867 -2.88051278
9.15942403 -2.69171611
9.04162769 -2.53147790
8.88008039 -2.41548337
8.69059549 -2.35508688
8.49172111 -2.35620046
8.30292444 -2.41871510
8.14268623 -2.53651143
8.02669170 -2.69805873
7.96629521 -2.88754363
7.96740879 -3.08641801
8.02992343 -3.27521468
8.14771976 -3.43545289
8.30926707 -3.55144742
8.49875196 -3.61184391
8.69762635 -3.61073033
8.88642301 -3.54821569
9.04666123 -3.43041936
9.16265575 -3.26887206
9.22305224 -3.07938716

7.70762068 -6.17529904
7.65442373 -5.98366828
7.54461327 -5.81785536
7.38893831 -5.69409120
7.20263740 -5.62449070
7.00394696 -5.61586684
6.81231620 -5.66906378
6.64650328 -5.77887424
6.52273912 -5.93454920
6.45313862 -6.12085012
6.44451476 -6.31954056
6.49771170 -6.51117131
6.60752216 -6.67698423
6.76319712 -6.80074839
6.94949804 -6.87034890
7.14818848 -6.87897276
7.33981923 -6.82577582
7.50563215 -6.71596536
7.62939631 -6.56029039
7.69899681 -6.37398948

3.83794200 -3.16005527
3.80399205 -2.96409695
3.71114927 -2.78822063
3.56850177 -2.64964230
3.39001288 -2.56192698
3.19315433 -2.53366086
2.99719602 -2.56761081
2.82131969 -2.66045359
2.68274137 -2.80310109
2.59502605 -2.98158998
2.56675993 -3.17844853
2.60070988 -3.37440684
2.69355265 -3.55028316
2.83620015 -3.68886149
3.01468904 -3.77657681
3.21154759 -3.80484293
3.40750591 -3.77089298
3.58338223 -3.67805020
3.72196056 -3.53540271
3.80967587 -3.35691381

8.27615230 -1.49323028
8.23135172 -1.29946452
8.12886693 -1.12902647
7.97872985 -0.99859980
7.79563694 -0.92095157
7.59751061 -0.90368254
7.40374485 -0.94848311
7.23330680 -1.05096790
7.10288013 -1.20110498
7.02523190 -1.38419790
7.00796286 -1.58232422
7.05276344 -1.77608998
7.15524823 -1.94652803
7.30538531 -2.07695471
7.48847822 -2.15460294
7.68660455 -2.17187197
7.88037031 -2.12707140
8.05080836 -2.02458661
8.18123504 -1.87444952
8.25888327 -1.69135661

1.73329065 -5.62945353
1.68457915 -5.43663379
1.57866719 -5.26830401
1.42592216 -5.14094146
1.24129581 -5.06701330
1.04286067 -5.05375611
0.85004093 -5.10246761
0.68171114 -5.20837957
0.55434860 -5.36112460
0.48042043 -5.54575095
0.46716324 -5.74418610
0.51587474 -5.93700583
0.62178671 -6.10533562
0.77453174 -6.23269816
0.95915808 -6.30662633
1.15759323 -6.31988352
1.35041297 -6.27117202
1.51874276 -6.16526005
1.64610530 -6.01251503
1.72003347 -5.82788868

-0.30734124 -7.40788799
-0.38741940 -7.22584473
-0.51983272 -7.07745681
-0.69161966 -6.97724948
-0.88596451 -6.93503173
-1.08384345 -6.95493612
-1.26588672 -7.03501428
-1.41427464 -7.16742760
-1.51448197 -7.33921454
-1.55669972 -7.53355939
-1.53679533 -7.73143834
-1.45671717 -7.91348160
-1.32430385 -8.06186952
-1.15251691 -8.16207685
-0.95817206 -8.20429460
-0.76029311 -8.18439021
-0.57824985 -8.10431205
-0.42986193 -7.97189873
-0.32965460 -7.80011179
-0.28743685 -7.60576694

9.43885879 -5.06643188
9.36409507 -4.88214231
9.23604194 -4.72997577
9.06723413 -4.62482738
8.87419572 -4.57698980
8.67582266 -4.59114571
8.49153308 -4.66590943
8.33936654 -4.79396256
8.23421815 -4.96277037
8.18638057 -5.15580878
8.20053648 -5.35418184
8.27530020 -5.53847142
8.40335333 -5.69063796
8.57216115 -5.79578635
8.76519956 -5.84362393
8.96357262 -5.82946802
9.14786219 -5.75470430
9.30002874 -5.62665117
9.40517713 -5.45784336
9.45301470 -5.26480495

9.33109461 0.81994662
9.27688665 1.01129384
9.16620227 1.17652467
9.00987604 1.29946519
8.82321024 1.36808110
8.62447704 1.37565581
8.43312982 1.32144785
8.26789898 1.21076347
8.14495847 1.05443723
8.07634256 0.86777144
8.06876785 0.66903824
8.12297581 0.47769102
8.23366019 0.31246018
8.38998643 0.18951967
8.57665222 0.12090376
8.77538542 0.11332905
8.96673264 0.16753701
9.13196348 0.27822139
9.25490399 0.43454762
9.32351990 0.62121342

4.36851431 -1.69373968
4.27999169 -1.51564979
4.14076888 -1.37363124
3.96447397 -1.28158579
3.76836393 -1.24852348
3.57163539 -1.27768069
3.39354551 -1.36620331
3.25152696 -1.50542612
3.15948150 -1.68172104
3.12641920 -1.87783107
3.15557641 -2.07455961
3.24409903 -2.25264950
3.38332184 -2.39466805
3.55961675 -2.48671350
3.75572678 -2.51977581
3.95245532 -2.49061860
4.13054521 -2.40209598
4.27256376 -2.26287316
4.36460922 -2.08657825
4.39767152 -1.89046822

0.32657629 -4.45074156
0.23996414 -4.27171475
0.10226876 -4.12821477
-0.07303126 -4.03428839
-0.26877633 -3.99912978
-0.46580556 -4.02618051
-0.64483237 -4.11279266
-0.78833235 -4.25048804
-0.88225873 -4.42578806
-0.91741734 -4.62153313
-0.89036661 -4.81856237
-0.80375446 -4.99758917
-0.66605908 -5.14108915
-0.49075906 -5.23501553
-0.29501399 -5.27017414
-0.09798475 -5.24312341
0.08104205 -5.15651126
0.22454203 -5.01881588
0.31846841 -4.84351586
0.35362702 -4.64777079

5.58766373 -0.33596201
5.51771950 -0.14978987
5.39366823 0.00565640
5.22765292 0.11516064
5.03592431 0.16800381
4.83725013 0.15901325
4.65107799 0.08906902
4.49563171 -0.03498225
4.38612747 -0.20099756
4.33328431 -0.39272617
4.34227487 -0.59140036
4.41221910 -0.77757250
4.53627037 -0.93301877
4.70228568 -1.04252301
4.89401429 -1.09536618
5.09268847 -1.08637562
5.27886061 -1.01643139
5.43430689 -0.89238012
5.54381112 -0.72636481
5.59665429 -0.53463619

1.32036481 -7.25578145
1.28088973 -7.06086101
1.18311296 -6.88767912
1.03660559 -6.75318805
0.85570876 -6.67055270
0.65812993 -6.64786201
0.46320949 -6.68733709
0.29002760 -6.78511386
0.15553653 -6.93162123
0.07290118 -7.11251806
0.05021049 -7.31009689
0.08968557 -7.50501733
0.18746234 -7.67819921
0.33396971 -7.81269029
0.51486654 -7.89532564
0.71244537 -7.91801633
0.90736581 -7.87854125
1.08054769 -7.78076448
1.21503877 -7.63425711
1.29767412 -7.45336028

2.62939159 -4.16899202
2.56845789 -3.97967919
2.45200561 -3.81846155
2.29143393 -3.70112019
2.10246070 -3.63914130
1.90358396 -3.63859182
1.71427113 -3.69952552
1.55305349 -3.81597780
1.43571213 -3.97654948
1.37373324 -4.16552271
1.37318376 -4.36439945
1.43411746 -4.55371228
1.55056974 -4.71492992
1.71114142 -4.83227128
1.90011465 -4.89425017
2.09899139 -4.89479965
2.28830422 -4.83386595
2.44952186 -4.71741367
2.56686322 -4.55684199
2.62884211 -4.36786876

-0.24656086 -5.84677197
-0.28919592 -5.65251824
-0.38977198 -5.48094692
-0.53844395 -5.34885261
-0.72065878 -5.26916562
-0.91858002 -5.24968627
-1.11283375 -5.29232133
-1.28440507 -5.39289739
-1.41649938 -5.54156936
-1.49618637 -5.72378419
-1.51566572 -5.92170543
-1.47303066 -6.11595916
-1.37245460 -6.28753048
-1.22378263 -6.41962479
-1.04156780 -6.49931178
-0.84364656 -6.51879113
-0.64939283 -6.47615607
-0.47782151 -6.37558001
-0.34572720 -6.22690804
-0.26604021 -6.04469321

7.62501100 0.49769747
7.56336787 0.68678049
7.44631190 0.84756034
7.28530136 0.96429879
7.09609706 1.02556866
6.89721966 1.02537242
6.70813664 0.96372929
6.54735679 0.84667333
6.43061834 0.68566278
6.36934847 0.49645849
6.36954471 0.29758108
6.43118784 0.10849807
6.54824380 -0.05228179
6.70925435 -0.16902024
6.89845864 -0.23029010
7.09733605 -0.23009387
7.28641906 -0.16845074
7.44719892 -0.05139477
7.56393737 0.10961577
7.62520724 0.29882007

1.16209181 -2.58169467
1.12040947 -2.38723428
1.02067564 -2.21517201
0.87265297 -2.08235051
0.69083094 -2.00177128
0.49300757 -1.98132198
0.29854718 -2.02300432
0.12648491 -2.12273815
-0.00633659 -2.27076082
-0.08691582 -2.45258284
-0.10736512 -2.65040622
-0.06568278 -2.84486661
0.03405105 -3.01692888
0.18207372 -3.14975038
0.36389575 -3.23032961
0.56171912 -3.25077891
0.75617951 -3.20909657
0.92824178 -3.10936274
1.06106328 -2.96134007
1.14164251 -2.77951804

-2.59957518 -7.86713777
-2.65970636 -7.67756851
-2.77547463 -7.51585899
-2.93554779 -7.39783847
-3.12425677 -7.33505960
-3.32312940 -7.33366764
-3.51269865 -7.39379882
-3.67440817 -7.50956709
-3.79242870 -7.66964025
-3.85520756 -7.85834922
-3.85659953 -8.05722186
-3.79646834 -8.24679111
-3.68070007 -8.40850063
-3.52062691 -8.52652115
-3.33191794 -8.58930002
-3.13304531 -8.59069199
-2.94347605 -8.53056080
-2.78176653 -8.41479253
-2.66374601 -8.25471937
-2.60096714 -8.06601040

8.96436588 3.22873756
8.90377938 3.41816179
8.78762290 3.57959268
8.62726662 3.69722825
8.43840736 3.75955351
8.23953195 3.76046764
8.05010773 3.69988114
7.88867684 3.58372466
7.77104127 3.42336838
7.70871600 3.23450912
7.70780188 3.03563371
7.76838837 2.84620949
7.88454486 2.68477860
8.04490113 2.56714303
8.23376040 2.50481776
8.43263580 2.50390364
8.62206003 2.56449013
8.78349092 2.68064662
8.90112649 2.84100289
8.96345175 3.02986216

8.71403482 -8.01317454
8.63317329 -7.83147788
8.50012205 -7.68366169
8.32790508 -7.58419522
8.13338018 -7.54281496
7.93558881 -7.56357150
7.75389216 -7.64443303
7.60607596 -7.77748427
7.50660949 -7.94970124
7.46522924 -8.14422614
7.48598577 -8.34201751
7.56684730 -8.52371417
7.69989855 -8.67153036
7.87211551 -8.77099683
8.06664041 -8.81237709
8.26443178 -8.79162055
8.44612844 -8.71075902
8.59394464 -8.57770778
8.69341110 -8.40549081
8.73479136 -8.21096591

6.95480643 1.70437670
6.88410299 1.89026184
6.75941836 2.04520055
6.59295753 2.15402635
6.40101486 2.20608661
6.20237902 2.19628531
6.01649388 2.12558187
5.86155517 2.00089724
5.75272937 1.83443641
5.70066911 1.64249373
5.71047041 1.44385790
5.78117385 1.25797276
5.90585848 1.10303405
6.07231931 0.99420825
6.26426199 0.94214799
6.46289782 0.95194929
6.64878296 1.02265273
6.80372167 1.14733736
6.91254747 1.31379819
6.96460773 1.50574086

3.20307279 -0.63796002
3.16563104 -0.44263881
3.06966425 -0.26844743
2.92456631 -0.13243696
2.74454042 -0.04792104
2.54720877 -0.02317268
2.35188755 -0.06061443
2.17769618 -0.15658123
2.04168570 -0.30167917
1.95716978 -0.48170506
1.93242143 -0.67903671
1.96986318 -0.87435792
2.06582997 -1.04854930
2.21092791 -1.18455977
2.39095380 -1.26907569
2.58828545 -1.29382405
2.78360667 -1.25638230
2.95779804 -1.16041550
3.09380852 -1.01531756
3.17832444 -0.83529167

2.95362285 -1.85767312
2.88165437 -1.67227410
2.75591683 -1.51818863
2.58871829 -1.41049968
2.39642531 -1.35974859
2.19786088 -1.37090324
2.01246185 -1.44287172
1.85837638 -1.56860926
1.75068743 -1.73580780
1.69993635 -1.92810078
1.71109099 -2.12666521
1.78305947 -2.31206424
1.90879702 -2.46614971
2.07599556 -2.57383866
2.26828853 -2.62458975
2.46685297 -2.61343510
2.65225199 -2.54146662
2.80633746 -2.41572907
2.91402641 -2.24853054
2.96477750 -2.05623756

4.37901838 0.22570846
4.32590920 0.41736355
4.21617468 0.58322674
4.06055641 0.70706217
3.87428738 0.77674798
3.67560091 0.78546283
3.48394582 0.73235364
3.31808263 0.62261912
3.19424720 0.46700085
3.12456139 0.28073183
3.11584654 0.08204536
3.16895573 -0.10960974
3.27869025 -0.27547293
3.43430852 -0.39930836
3.62057754 -0.46899417
3.81926401 -0.47770901
4.01091911 -0.42459983
4.17678229 -0.31486531
4.30061773 -0.15924704
4.37030354 0.02702199

3.35739738 1.29494260
3.27069066 1.47392362
3.13291949 1.61735084
2.95756988 1.71118460
2.76180626 1.74623980
2.56479135 1.71908499
2.38581032 1.63237827
2.24238310 1.49460711
2.14854934 1.31925749
2.11349414 1.12349388
2.14064895 0.92647896
2.22735567 0.74749793
2.36512683 0.60407071
2.54047645 0.51023695
2.73624007 0.47518176
2.93325498 0.50233656
3.11223601 0.58904328
3.25566323 0.72681445
3.34949699 0.90216406
3.38455219 1.09792768

2.00438502 2.98851805
1.94300684 3.17768724
1.82617623 3.33863092
1.66532938 3.45559482
1.47621111 3.51712968
1.27733362 3.51721206
1.08816444 3.45583388
0.92722075 3.33900327
0.81025686 3.17815642
0.74872199 2.98903815
0.74863961 2.79016066
0.81001779 2.60099147
0.92684841 2.44004779
1.08769525 2.32308389
1.27681353 2.26154903
1.47569101 2.26146665
1.66486020 2.32284483
1.82580388 2.43967544
1.94276778 2.60052229
2.00430265 2.78964056

-1.88091103 -5.30458517
-1.94947767 -5.11790127
-2.07237691 -4.96154259
-2.23757853 -4.85081460
-2.42891143 -4.79655614
-2.62764663 -4.80407839
-2.81433052 -4.87264503
-2.97068920 -4.99554427
-3.08141719 -5.16074589
-3.13567566 -5.35207879
-3.12815341 -5.55081398
-3.05958677 -5.73749788
-2.93668752 -5.89385656
-2.77148591 -6.00458455
-2.58015300 -6.05884302
-2.38141781 -6.05132076
-2.19473391 -5.98275413
-2.03837523 -5.85985488
-1.92764724 -5.69465327
-1.87338878 -5.50332036

-1.19406320 -2.75428056
-1.25485056 -2.56492070
-1.37117819 -2.40361309
-1.53165914 -2.28614766
-1.72058440 -2.22402273
-1.91946066 -2.22331953
-2.10882052 -2.28410689
-2.27012813 -2.40043452
-2.38759356 -2.56091546
-2.44971849 -2.74984073
-2.45042169 -2.94871699
-2.38963433 -3.13807685
-2.27330670 -3.29938446
-2.11282576 -3.41684989
-1.92390050 -3.47897482
-1.72502424 -3.47967802
-1.53566437 -3.41889066
-1.37435677 -3.30256303
-1.25689133 -3.14208208
-1.19476640 -2.95315682

4.32393132 2.82989090
4.26695547 3.02043227
4.15388770 3.18404138
3.99579587 3.30470303
3.80815510 3.37060601
3.60933298 3.37529928
3.41879161 3.31832344
3.25518250 3.20525567
3.13452085 3.04716383
3.06861787 2.85952306
3.06392460 2.66070095
3.12090044 2.47015957
3.23396821 2.30655047
3.39206005 2.18588882
3.57970082 2.11998584
3.77852293 2.11529256
3.96906431 2.17226841
4.13267342 2.28533618
4.25333506 2.44342801
4.31923804 2.63106878

5.63061165 2.60213140
5.55532021 2.78620600
5.42683161 2.93800502
5.25772321 3.04266930
5.06454853 3.08995358
4.86621684 3.07522934
4.68214224 2.99993790
4.53034322 2.87144930
4.42567894 2.70234090
4.37839466 2.50916622
4.39311890 2.31083453
4.46841034 2.12675993
4.59689894 1.97496091
4.76600734 1.87029663
4.95918202 1.82301235
5.15751371 1.83773659
5.34158831 1.91302803
5.49338733 2.04151663
5.59805161 2.21062503
5.64533589 2.40379971

0.77975060 -1.12018572
0.71712801 -0.93142484
0.59924006 -0.77125401
0.43762646 -0.65535188
0.24810705 -0.59506375
0.04923334 -0.59629106
-0.13952755 -0.65891365
-0.29969838 -0.77680159
-0.41560050 -0.93841520
-0.47588863 -1.12793460
-0.47466133 -1.32680832
-0.41203874 -1.51556920
-0.29415079 -1.67574003
-0.13253718 -1.79164216
0.05698222 -1.85193029
0.25585593 -1.85070298
0.44461682 -1.78808039
0.60478765 -1.67019245
0.72068978 -1.50857884
0.78097790 -1.31905944

-4.12691311 -6.63216247
-4.20711977 -6.45017578
-4.33963781 -6.30188138
-4.51149545 -6.20179535
-4.70587006 -6.15971481
-4.90373490 -6.17975889
-5.08572159 -6.25996555
-5.23401599 -6.39248359
-5.33410202 -6.56434123
-5.37618256 -6.75871584
-5.35613847 -6.95658069
-5.27593182 -7.13856737
-5.14341378 -7.28686177
-4.97155614 -7.38694780
-4.77718153 -7.42902834
-4.57931668 -7.40898426
-4.39733000 -7.32877760
-4.24903560 -7.19625956
-4.14894956 -7.02440192
-4.10686902 -6.83002731

5.69377875 5.07088117
5.62685116 5.25815893
5.50532723 5.41558890
5.34110256 5.52776074
5.15025262 5.58369429
4.95145913 5.57791438
4.76418137 5.51098679
4.60675140 5.38946286
4.49457956 5.22523819
4.43864601 5.03438825
4.44442592 4.83559476
4.51135351 4.64831700
4.63287744 4.49088703
4.79710210 4.37871519
4.98795204 4.32278164
5.18674554 4.32856155
5.37402330 4.39548914
5.53145327 4.51701307
5.64362511 4.68123773
5.69955866 4.87208767

-3.80645787 -5.07471184
-3.86988150 -4.88621859
-3.98844857 -4.72654983
-4.15055291 -4.61133506
-4.34032663 -4.55185230
-4.53919334 -4.55392414
-4.72768659 -4.61734777
-4.88735534 -4.73591484
-5.00257011 -4.89801918
-5.06205287 -5.08779289
-5.05998104 -5.28665961
-4.99655741 -5.47515285
-4.87799034 -5.63482161
-4.71588599 -5.75003638
-4.52611228 -5.80951914
-4.32724557 -5.80744730
-4.13875232 -5.74402368
-3.97908357 -5.62545661
-3.86386880 -5.46335226
-3.80438604 -5.27357855

7.53084247 3.58739067
7.47648883 3.77869656
7.36567869 3.94384308
7.20925889 4.06666453
7.02254091 4.13513830
6.82380200 4.14256170
6.63249611 4.08820806
6.46734959 3.97739792
6.34452814 3.82097812
6.27605437 3.63426014
6.26863097 3.43552123
6.32298461 3.24421534
6.43379475 3.07906882
6.59021455 2.95624737
6.77693253 2.88777360
6.97567144 2.88035020
7.16697733 2.93470384
7.33212385 3.04551399
7.45494530 3.20193378
7.52341907 3.38865176

1.74118284 0.38665265
1.65751980 0.56707648
1.52219749 0.71281644
1.34846221 0.80960648
1.15332037 0.84797212
0.95587381 0.82415788
0.77544998 0.74049484
0.62971003 0.60517253
0.53291998 0.43143725
0.49455434 0.23629541
0.51836858 0.03884885
0.60203162 -0.14157498
0.73735393 -0.28731494
0.91108921 -0.38410498
1.10623105 -0.42247062
1.30367761 -0.39865638
1.48410144 -0.31499334
1.62984140 -0.17967103
1.72663144 -0.00593575
1.76499708 0.18920609

-2.99306661 -3.83553001
-3.04428585 -3.64336120
-3.15238167 -3.47642542
-3.30677289 -3.35106350
-3.49234664 -3.27954674
-3.69093765 -3.26887570
-3.88310646 -3.32009494
-4.05004224 -3.42819076
-4.17540416 -3.58258198
-4.24692092 -3.76815573
-4.25759196 -3.96674674
-4.20637272 -4.15891555
-4.09827690 -4.32585133
-3.94388568 -4.45121325
-3.75831193 -4.52273001
-3.55972092 -4.53340105
-3.36755211 -4.48218181
-3.20061633 -4.37408599
-3.07525441 -4.21969477
-3.00373765 -4.03412102

9.06659027 5.02197294
9.00013356 5.20941831
8.87900567 5.36715320
8.71506344 5.47973742
8.52435468 5.53615044
8.32554728 5.53087016
8.13810191 5.46441346
7.98036702 5.34328557
7.86778280 5.17934334
7.81136978 4.98863457
7.81665006 4.78982718
7.88310676 4.60238181
8.00423465 4.44464691
8.16817688 4.33206270
8.35888565 4.27564967
8.55769304 4.28092995
8.74513841 4.34738666
8.90287330 4.46851455
9.01545752 4.63245678
9.07187054 4.82316554

-4.04340372 -3.03140202
-4.08427667 -2.83676989
-4.18329379 -2.66429418
-4.33076259 -2.53085800
-4.51224781 -2.44952302
-4.70998439 -2.42825087
-4.90461651 -2.46912382
-5.07709223 -2.56814094
-5.21052841 -2.71560974
-5.29186339 -2.89709495
-5.31313554 -3.09483154
-5.27226259 -3.28946366
-5.17324547 -3.46193938
-5.02577667 -3.59537555
-4.84429145 -3.67671053
-4.64655487 -3.69798268
-4.45192274 -3.65710973
-4.27944703 -3.55809262
-4.14601085 -3.41062381
-4.06467587 -3.22913860

0.75367983 1.52546937
0.67640070 1.70871838
0.54627683 1.85911797
0.37604565 1.96194601
0.18237056 2.00713695
-0.01579017 1.99026719
-0.19903918 1.91298807
-0.34943878 1.78286420
-0.45226681 1.61263301
-0.49745775 1.41895792
-0.48058799 1.22079719
-0.40330887 1.03754819
-0.27318500 0.88714859
-0.10295381 0.78432056
0.09072128 0.73912962
0.28888200 0.75599937
0.47213101 0.83327850
0.62253061 0.96340237
0.72535864 1.13363355
0.77054958 1.32730864

2.85607229 4.20805769
2.79134081 4.39610581
2.67166745 4.55494708
2.50876667 4.66903300
2.31858433 4.72719605
2.11973681 4.72374282
1.93168869 4.65901134
1.77284742 4.53933798
1.65876150 4.37643720
1.60059846 4.18625486
1.60405168 3.98740734
1.66878316 3.79935921
1.78845652 3.64051795
1.95135731 3.52643203
2.14153964 3.46826898
2.34038716 3.47172221
2.52843529 3.53645369
2.68727655 3.65612705
2.80136247 3.81902783
2.85952552 4.00921017

-1.09804248 -8.68351695
-1.18714930 -8.50571865
-1.32683762 -8.36415794
-1.50343377 -8.27269177
-1.69965130 -8.24027348
-1.89628305 -8.27007641
-2.07408135 -8.35918323
-2.21564206 -8.49887155
-2.30710823 -8.67546770
-2.33952652 -8.87168523
-2.30972359 -9.06831698
-2.22061677 -9.24611528
-2.08092845 -9.38767599
-1.90433230 -9.47914216
-1.70811477 -9.51156045
-1.51148302 -9.48175752
-1.33368472 -9.39265070
-1.19212401 -9.25296238
-1.10065784 -9.07636623
-1.06823955 -8.88014870

-4.64516774 -1.69145258
-4.70878239 -1.50302372
-4.82751125 -1.34347523
-4.98973230 -1.22842484
-5.17956621 -1.16913447
-5.37843072 -1.17140789
-5.56685958 -1.23502255
-5.72640807 -1.35375140
-5.84145846 -1.51597245
-5.90074883 -1.70580636
-5.89847542 -1.90467087
-5.83486076 -2.09309974
-5.71613190 -2.25264822
-5.55391085 -2.36769862
-5.36407694 -2.42698898
-5.16521243 -2.42471557
-4.97678357 -2.36110091
-4.81723508 -2.24237205
-4.70218469 -2.08015100
-4.64289432 -1.89031709

-2.66821811 -1.63544219
-2.72905754 -1.44609905
-2.84542952 -1.28482344
-3.00594276 -1.16740214
-3.19488510 -1.10532916
-3.39376154 -1.10468064
-3.58310468 -1.16552007
-3.74438030 -1.28189205
-3.86180160 -1.44240529
-3.92387457 -1.63134763
-3.92452309 -1.83022407
-3.86368366 -2.01956722
-3.74731168 -2.18084283
-3.58679844 -2.29826413
-3.39785611 -2.36033711
-3.19897966 -2.36098562
-3.00963652 -2.30014619
-2.84836091 -2.18377421
-2.73093960 -2.02326098
-2.66886663 -1.83431864

4.58164448 4.17411568
4.53309632 4.36697661
4.42732697 4.53539605
4.27468987 4.66288792
4.09012621 4.73697244
3.89170236 4.75039770
3.69884143 4.70184953
3.53042200 4.59608018
3.40293012 4.44344308
3.32884560 4.25887942
3.31542035 4.06045557
3.36396851 3.86759465
3.46973786 3.69917521
3.62237496 3.57168334
3.80693862 3.49759882
4.00536247 3.48417356
4.19822340 3.53272172
4.36664283 3.63849108
4.49413471 3.79112817
4.56821922 3.97569184

-3.96188284 0.14707775
-4.00134645 0.34200052
-4.09911302 0.51518816
-4.24561248 0.64968786
-4.42650444 0.73233385
-4.62408194 0.75503618
-4.81900470 0.71557256
-4.99219234 0.61780599
-5.12669204 0.47130653
-5.20933804 0.29041457
-5.23204036 0.09283708
-5.19257674 -0.10208569
-5.09481017 -0.27527333
-4.94831071 -0.40977303
-4.76741875 -0.49241902
-4.56984126 -0.51512135
-4.37491849 -0.47565773
-4.20173085 -0.37789116
-4.06723115 -0.23139170
-3.98458516 -0.05049974

-5.72671513 -3.29559322
-5.79603600 -3.10918807
-5.91956642 -2.95332757
-6.08521438 -2.84326842
-6.27676509 -2.78978398
-6.47546825 -2.79810969
-6.66187339 -2.86743055
-6.81773390 -2.99096097
-6.92779304 -3.15660893
-6.98127748 -3.34815965
-6.97295178 -3.54686280
-6.90363091 -3.73326795
-6.78010049 -3.88912845
-6.61445253 -3.99918760
-6.42290182 -4.05267204
-6.22419866 -4.04434633
-6.03779351 -3.97502546
-5.88193301 -3.85149504
-5.77187386 -3.68584709
-5.71838943 -3.49429637

-1.00528492 -0.10621055
-1.04966489 0.08765198
-1.15177956 0.25831203
-1.30163324 0.38906423
-1.48455721 0.46710962
-1.68264559 0.48480858
-1.87650812 0.44042861
-2.04716818 0.33831394
-2.17792037 0.18846026
-2.25596576 0.00553629
-2.27366472 -0.19255210
-2.22928476 -0.38641462
-2.12717009 -0.55707468
-1.97731640 -0.68782687
-1.79439244 -0.76587226
-1.59630405 -0.78357122
-1.40244152 -0.73919126
-1.23178146 -0.63707659
-1.10102927 -0.48722291
-1.02298388 -0.30429894

-5.98987200 -1.58609037
-6.05060537 -1.39671318
-6.16688700 -1.23537242
-6.32733445 -1.11786123
-6.51624199 -1.05568244
-6.71511804 -1.05492254
-6.90449523 -1.11565591
-7.06583600 -1.23193755
-7.18334718 -1.39238499
-7.24552597 -1.58129254
-7.24628587 -1.78016859
-7.18555250 -1.96954578
-7.06927087 -2.13088654
-6.90882342 -2.24839772
-6.71991588 -2.31057651
-6.52103983 -2.31133642
-6.33166264 -2.25060305
-6.17032187 -2.13432141
-6.05281069 -1.97387396
-5.99063190 -1.78496642

-2.69582316 1.67877478
-2.74491867 1.87149710
-2.85116574 2.03961557
-3.00416417 2.16667359
-3.18893742 2.24023383
-3.38739858 2.25309571
-3.58012090 2.20400021
-3.74823938 2.09775314
-3.87529740 1.94475470
-3.94885764 1.75998146
-3.96171951 1.56152029
-3.91262401 1.36879797
-3.80637694 1.20067950
-3.65337851 1.07362148
-3.46860526 1.00006124
-3.27014410 0.98719936
-3.07742178 1.03629486
-2.90930330 1.14254193
-2.78224528 1.29554037
-2.70868504 1.48031361

-1.69362604 -6.72641386
-1.77137128 -6.54336212
-1.90187751 -6.39329418
-2.07236984 -6.29089972
-2.26615932 -6.24620184
-2.46427647 -6.26357587
-2.64732820 -6.34132112
-2.79739614 -6.47182734
-2.89979060 -6.64231968
-2.94448848 -6.83610915
-2.92711445 -7.03422630
-2.84936921 -7.21727804
-2.71886298 -7.36734598
-2.54837065 -7.46974043
-2.35458117 -7.51443832
-2.15646402 -7.49706429
-1.97341229 -7.41931904
-1.82334435 -7.28881282
-1.72094989 -7.11832048
-1.67625201 -6.92453100

-0.21106296 3.71740656
-0.30100041 3.89478614
-0.44134932 4.03569195
-0.61837134 4.12633114
-0.81473835 4.15783132
-1.01122856 4.12710903
-1.18860814 4.03717158
-1.32951395 3.89682267
-1.42015314 3.71980065
-1.45165332 3.52343364
-1.42093103 3.32694343
-1.33099358 3.14956385
-1.19064467 3.00865804
-1.01362264 2.91801885
-0.81725564 2.88651867
-0.62076543 2.91724096
-0.44338585 3.00717841
-0.30248004 3.14752732
-0.21184085 3.32454934
-0.18034067 3.52091635

-5.36744978 0.88977940
-5.40614165 1.08485682
-5.50322204 1.25843003
-5.64918805 1.39350847
-5.82975151 1.47686972
-6.02723761 1.50035381
-6.22231503 1.46166194
-6.39588824 1.36458155
-6.53096668 1.21861554
-6.61432793 1.03805208
-6.63781202 0.84056598
-6.59912015 0.64548856
-6.50203976 0.47191535
-6.35607375 0.33683691
-6.17551029 0.25347565
-5.97802419 0.22999157
-5.78294677 0.26868344
-5.60937356 0.36576383
-5.47429512 0.51172984
-5.39093387 0.69229330

1.23032025 4.60114831
1.15008537 4.78312256
1.01754433 4.93139641
0.84567118 5.03145579
0.65129004 5.07350619
0.45342831 5.05343142
0.27145407 4.97319655
0.12318021 4.84065551
0.02312083 4.66878236
-0.01892957 4.47440122
0.00114520 4.27653949
0.08138008 4.09456524
0.21392111 3.94629139
0.38579427 3.84623201
0.58017540 3.80418161
0.77803714 3.82425638
0.96001138 3.90449126
1.10828523 4.03703229
1.20834461 4.20890545
1.25039501 4.40328658

-7.00067292 0.42987746
-7.09062518 0.60724953
-7.23098585 0.74814362
-7.40801545 0.83876803
-7.60438508 0.87025181
-7.80087273 0.83951310
-7.97824480 0.74956084
-8.11913889 0.60920017
-8.20976329 0.43217057
-8.24124707 0.23580094
-8.21050837 0.03931330
-8.12055611 -0.13805877
-7.98019544 -0.27895286
-7.80316584 -0.36957727
-7.60679621 -0.40106105
-7.41030856 -0.37032234
-7.23293649 -0.28037008
-7.09204241 -0.14000941
-7.00141800 0.03702019
-6.96993422 0.23338982

-1.19085756 2.35487551
-1.26614887 2.53895017
-1.39463736 2.69074928
-1.56374567 2.79541368
-1.75692032 2.84269811
-1.95525202 2.82797402
-2.13932668 2.75268271
-2.29112579 2.62419422
-2.39579020 2.45508590
-2.44307462 2.26191126
-2.42835053 2.06357956
-2.35305922 1.87950490
-2.22457074 1.72770579
-2.05546242 1.62304138
-1.86228777 1.57575696
-1.66395607 1.59048105
-1.47988141 1.66577235
-1.32808230 1.79426084
-1.22341789 1.96336916
-1.17613347 2.15654381

-5.40923645 -5.94549700
-5.48837789 -5.76304456
-5.62002677 -5.61397802
-5.79129640 -5.51288906
-5.98542170 -5.46967298
-6.18340033 -5.48856005
-6.36585277 -5.56770149
-6.51491931 -5.69935038
-6.61600827 -5.87062000
-6.65922435 -6.06474530
-6.64033728 -6.26272393
-6.56119584 -6.44517638
-6.42954695 -6.59424291
-6.25827733 -6.69533187
-6.06415203 -6.73854796
-5.86617340 -6.71966088
-5.68372095 -6.64051944
-5.53465442 -6.50887056
-5.43356546 -6.33760093
-5.39034937 -6.14347564

-4.33615005 2.46487054
-4.41571905 2.64713693
-4.54771707 2.79589439
-4.71922324 2.89658152
-4.91344933 2.93934234
-5.11138314 2.91999114
-5.29364952 2.84042214
-5.44240699 2.70842412
-5.54309411 2.53691795
-5.58585493 2.34269186
-5.56650373 2.14475805
-5.48693473 1.96249167
-5.35493671 1.81373420
-5.18343054 1.71304708
-4.98920445 1.67028626
-4.79127065 1.68963746
-4.60900426 1.76920646
-4.46024680 1.90120448
-4.35955967 2.07271065
-4.31679885 2.26693674

7.24740103 6.48012261
7.21304843 6.67601074
7.11984441 6.85169589
6.97691242 6.98998076
6.79824364 7.07732908
6.60132742 7.10519058
6.40543928 7.07083798
6.22975414 6.97763396
6.09146926 6.83470197
6.00412094 6.65603319
5.97625944 6.45911696
6.01061204 6.26322883
6.10381607 6.08754368
6.24674806 5.94925881
6.42541684 5.86191049
6.62233306 5.83404899
6.81822119 5.86840159
6.99390634 5.96160562
7.13219122 6.10453761
7.21953953 6.28320639

-1.18591524 4.62726297
-1.27301525 4.80605293
-1.41110141 4.94917691
-1.58665690 5.04262493
-1.78249711 5.07724965
-1.97945185 5.04966176
-2.15824182 4.96256176
-2.30136579 4.82447559
-2.39481381 4.64892011
-2.42943853 4.45307989
-2.40185064 4.25612515
-2.31475064 4.07733519
-2.17666448 3.93421121
-2.00110899 3.84076319
-1.80526877 3.80613847
-1.60831403 3.83372636
-1.42952407 3.92082636
-1.28640009 4.05891253
-1.19295207 4.23446801
-1.15832735 4.43030823

-6.20491351 -4.96226455
-6.25971178 -4.77108555
-6.37090559 -4.60619711
-6.52761051 -4.48373966
-6.71448719 -4.41570019
-6.91324282 -4.40873887
-7.10442182 -4.46353714
-7.26931027 -4.57473095
-7.39176772 -4.73143588
-7.45980719 -4.91831255
-7.46676850 -5.11706818
-7.41197024 -5.30824719
-7.30077643 -5.47313563
-7.14407150 -5.59559308
-6.95719482 -5.66363255
-6.75843919 -5.67059386
-6.56726019 -5.61579560
-6.40237175 -5.50460179
-6.27991430 -5.34789686
-6.21187482 -5.16102019

2.00469568 5.83946345
1.93141947 6.02434952
1.80459671 6.17754302
1.63664171 6.28404831
1.44399506 6.33343992
1.24551437 6.32088304
1.06062830 6.24760682
0.90743479 6.12078407
0.80092950 5.95282906
0.75153789 5.76018242
0.76409478 5.56170172
0.83737099 5.37681565
0.96419374 5.22362215
1.13214875 5.11711685
1.32479540 5.06772525
1.52327609 5.08028213
1.70816216 5.15355834
1.86135566 5.28038110
1.96786096 5.44833611
2.01725256 5.64098275

-4.78809986 4.23027914
-4.87092512 4.41108909
-5.00556998 4.55745515
-5.17885444 4.65505000
-5.37381623 4.69432038
-5.57137113 4.67142222
-5.75218107 4.58859695
-5.89854714 4.45395210
-5.99614199 4.28066763
-6.03541236 4.08570584
-6.01251420 3.88815095
-5.92968893 3.70734100
-5.79504408 3.56097494
-5.62175961 3.46338009
-5.42679782 3.42410971
-5.22924293 3.44700788
-5.04843298 3.52983314
-4.90206692 3.66447799
-4.80447207 3.83776246
-4.76520170 4.03272425

4.26588697 6.86383674
4.21652594 7.05649122
4.11004730 7.22446312
3.95687392 7.35131019
3.77199948 7.42461574
3.57352078 7.43720411
3.38086630 7.38784308
3.21289440 7.28136444
3.08604733 7.12819106
3.01274178 6.94331662
3.00015341 6.74483792
3.04951444 6.55218344
3.15599308 6.38421154
3.30916646 6.25736447
3.49404090 6.18405892
3.69251960 6.17147055
3.88517408 6.22083158
4.05314598 6.32731022
4.17999305 6.48048360
4.25329860 6.66535804

-5.33314155 -7.95684766
-5.40189350 -7.77023193
-5.52494793 -7.61399535
-5.69025940 -7.50343144
-5.88164608 -7.44936296
-6.08037371 -7.45708253
-6.26698944 -7.52583448
-6.42322602 -7.64888891
-6.53378993 -7.81420038
-6.58785841 -8.00558706
-6.58013884 -8.20431469
-6.51138689 -8.39093042
-6.38833246 -8.54716700
-6.22302099 -8.65773091
-6.03163431 -8.71179938
-5.83290668 -8.70407982
-5.64629095 -8.63532787
-5.49005437 -8.51227344
-5.37949046 -8.34696197
-5.32542199 -8.15557529

-6.66952341 -7.53314465
-6.70773760 -7.33797309
-6.80439279 -7.16416275
-6.95002769 -7.02872738
-7.13038654 -6.94492435
-7.32781455 -6.92095689
-7.52298611 -6.95917108
-7.69679646 -7.05582627
-7.83223182 -7.20146117
-7.91603485 -7.38182001
-7.94000232 -7.57924803
-7.90178812 -7.77441959
-7.80513293 -7.94822993
-7.65949804 -8.08366530
-7.47913919 -8.16746833
-7.28171117 -8.19143579
-7.08653962 -8.15322160
-6.91272927 -8.05656641
-6.77729391 -7.91093151
-6.69349088 -7.73057267

-3.28101828 3.67989973
-3.36994591 3.85778772
-3.50949152 3.99948911
-3.68599542 4.09113318
-3.88218017 4.12374916
-4.07884186 4.09414438
-4.25672985 4.00521675
-4.39843124 3.86567114
-4.49007531 3.68916724
-4.52269129 3.49298248
-4.49308651 3.29632080
-4.40415888 3.11843280
-4.26461327 2.97673141
-4.08810937 2.88508735
-3.89192461 2.85247137
-3.69526293 2.88207615
-3.51737493 2.97100378
-3.37567354 3.11054939
-3.28402948 3.28705329
-3.25141350 3.48323804

3.06573486 7.74193097
3.00558028 7.93149280
2.88979205 8.09318802
2.72970432 8.21118879
2.54098760 8.27394435
2.34211480 8.27531177
2.15255297 8.21515719
1.99085774 8.09936895
1.87285697 7.93928123
1.81010141 7.75056451
1.80873399 7.55169170
1.86888857 7.36212987
1.98467681 7.20043465
2.14476454 7.08243388
2.33348125 7.01967832
2.53235406 7.01831090
2.72191589 7.07846548
2.88361111 7.19425372
3.00161188 7.35434144
3.06436745 7.54305816

6.00300062 7.48383596
5.94335557 7.67355873
5.82800221 7.83556448
5.66823211 7.95399495
5.47968468 8.01725734
5.28081627 8.01915910
5.09109350 7.95951406
4.92908775 7.84416069
4.81065728 7.68439059
4.74739489 7.49584317
4.74549313 7.29697475
4.80513817 7.10725198
4.92049154 6.94524624
5.08026164 6.82681576
5.26880907 6.76355337
5.46767748 6.76165161
5.65740025 6.82129666
5.81940600 6.93665002
5.93783647 7.09642012
6.00109886 7.28496755

-0.25290345 5.62878022
-0.28917881 5.82432142
-0.38410428 5.99908245
-0.52838789 6.13595648
-0.70790616 6.22154533
-0.90508659 6.24747097
-1.10062779 6.21119561
-1.27538882 6.11627014
-1.41226285 5.97198653
-1.49785170 5.79246826
-1.52377734 5.59528783
-1.48750198 5.39974663
-1.39257651 5.22498560
-1.24829290 5.08811157
-1.06877463 5.00252272
-0.87159420 4.97659708
-0.67605300 5.01287244
-0.50129197 5.10779791
-0.36441794 5.25208152
-0.27882909 5.43159979

0.96021572 6.81892535
0.90705695 7.01056670
0.79727952 7.17640149
0.64162922 7.30019666
0.45534217 7.36983427
0.25665345 7.37849771
0.06501210 7.32533894
-0.10082269 7.21556151
-0.22461786 7.05991120
-0.29425547 6.87362415
-0.30291891 6.67493544
-0.24976014 6.48329409
-0.13998271 6.31745930
0.01566760 6.19366413
0.20195465 6.12402652
0.40064336 6.11536308
0.59228471 6.16852185
0.75811950 6.27829928
0.88191467 6.43394958
0.95155228 6.62023663

-1.59617742 6.83220343
-1.63843245 7.02654019
-1.73867273 7.19830790
-1.88708604 7.33069275
-2.06914466 7.41073599
-2.26702742 7.43060243
-2.46136417 7.38834740
-2.63313189 7.28810712
-2.76551674 7.13969381
-2.84555998 6.95763519
-2.86542642 6.75975243
-2.82317139 6.56541567
-2.72293111 6.39364796
-2.57451779 6.26126311
-2.39245917 6.18121987
-2.19457641 6.16135343
-2.00023966 6.20360846
-1.82847195 6.30384874
-1.69608709 6.45226206
-1.61604385 6.63432068

0.26058083 8.13115968
0.21489844 8.32471944
0.11163865 8.49468908
-0.03909075 8.62443078
-0.22253532 8.70124452
-0.42073823 8.71761124
-0.61429799 8.67192885
-0.78426762 8.56866906
-0.91400932 8.41793966
-0.99082307 8.23449509
-1.00718979 8.03629219
-0.96150740 7.84273243
-0.85824761 7.67276279
-0.70751821 7.54302109
-0.52407364 7.46620735
-0.32587073 7.44984062
-0.13231097 7.49552301
0.03765866 7.59878280
0.16740036 7.74951221
0.24421411 7.93295678

7.32731779 8.47920547
7.27101531 8.66994690
7.15852613 8.83395436
7.00086147 8.95517365
6.81345465 9.02173898
6.61465035 9.02713449
6.42390892 8.97083201
6.25990147 8.85834283
6.13868218 8.70067817
6.07211684 8.51327134
6.06672133 8.31446704
6.12302381 8.12372562
6.23551299 7.95971816
6.39317765 7.83849887
6.58058448 7.77193353
6.77938878 7.76653803
6.97013021 7.82284051
7.13413766 7.93532969
7.25535695 8.09299435
7.32192229 8.28040117

-2.70542073 5.18820394
-2.78102885 5.37214870
-2.90977849 5.52372637
-3.07906676 5.62809947
-3.27232253 5.67505124
-3.47062858 5.65998571
-3.65457334 5.58437759
-3.80615101 5.45562795
-3.91052411 5.28633968
-3.95747588 5.09308391
-3.94241035 4.89477786
-3.86680224 4.71083310
-3.73805259 4.55925543
-3.56876433 4.45488233
-3.37550856 4.40793056
-3.17720250 4.42299609
-2.99325774 4.49860420
-2.84168007 4.62735385
-2.73730697 4.79664211
-2.69035520 4.98989788

-4.22124591 5.49090415
-4.30946386 5.66914515
-4.44844361 5.81140156
-4.62458087 5.90374835
-4.82063408 5.93714596
-5.01741219 5.90832520
-5.19565319 5.82010725
-5.33790961 5.68112749
-5.43025640 5.50499024
-5.46365401 5.30893703
-5.43483325 5.11215892
-5.34661529 4.93391792
-5.20763554 4.79166150
-5.03149828 4.69931471
-4.83544507 4.66591710
-4.63866696 4.69473786
-4.46042596 4.78295581
-4.31816954 4.92193557
-4.22582276 5.09807282
-4.19242515 5.29412603

-3.70142189 6.96382967
-3.73596944 7.15968352
-3.82934827 7.33527581
-3.97241782 7.47341837
-4.15117345 7.56058882
-4.34811730 7.58825432
-4.54397114 7.55370678
-4.71956344 7.46032794
-4.85770599 7.31725839
-4.94487645 7.13850277
-4.97254195 6.94155891
-4.93799440 6.74570507
-4.84461557 6.57011277
-4.70154602 6.43197022
-4.52279039 6.34479977
-4.32584654 6.31713426
-4.12999269 6.35168181
-3.95440040 6.44506064
-3.81625784 6.58813019
-3.72908739 6.76688582

8.68460837 7.98115049
8.60418377 8.16304096
8.47148819 8.31117652
8.29951078 8.41105661
8.10508590 8.45290429
7.90724521 8.43262320
7.72535473 8.35219860
7.57721918 8.21950301
7.47733908 8.04752561
7.43549141 7.85310073
7.45577250 7.65526004
7.53619710 7.47336956
7.66889268 7.32523401
7.84087009 7.22535391
8.03529497 7.18350624
8.23313566 7.20378733
8.41502613 7.28421192
8.56316169 7.41690751
8.66304178 7.58888492
8.70488946 7.78330980

8.62717807 6.64225231
8.54403012 6.82291409
8.40912417 6.96903954
8.23566573 7.06632486
8.04063414 7.10524709
7.84312045 7.08199626
7.66245866 6.99884831
7.51633322 6.86394236
7.41904790 6.69048393
7.38012567 6.49545234
7.40337650 6.29793864
7.48652444 6.11727685
7.62143040 5.97115141
7.79488883 5.87386609
7.98992042 5.83494386
8.18743412 5.85819469
8.36809590 5.94134263
8.51422134 6.07624859
8.61150666 6.24970702
8.65042890 6.44473861

-5.86903809 2.70218800
-5.91450444 2.89579862
-6.01757449 3.06588338
-6.16815900 3.19579322
-6.35151774 3.27281163
-6.54970225 3.28939954
-6.74331287 3.24393318
-6.91339764 3.14086314
-7.04330747 2.99027863
-7.12032589 2.80691989
-7.13691379 2.60873538
-7.09144744 2.41512476
-6.98837740 2.24503999
-6.83779288 2.11513016
-6.65443415 2.03811174
-6.45624963 2.02152384
-6.26263901 2.06699019
-6.09255425 2.17006023
-5.96264441 2.32064475
-5.88562600 2.50400348

-5.70935327 5.26548972
-5.77889811 5.45181142
-5.90261576 5.60752335
-6.06839586 5.71738334
-6.26001072 5.77063754
-6.45870372 5.76207304
-6.64502543 5.69252820
-6.80073736 5.56881055
-6.91059735 5.40303045
-6.96385154 5.21141560
-6.95528704 5.01272259
-6.88574221 4.82640089
-6.76202456 4.67068895
-6.59624446 4.56082896
-6.40462960 4.50757477
-6.20593660 4.51613927
-6.01961489 4.58568411
-5.86390296 4.70940175
-5.75404297 4.87518186
-5.70078878 5.06679671

-6.15004745 6.67108329
-6.19246432 6.86538478
-6.29284763 7.03706895
-6.44137115 7.16933014
-6.62349638 7.24922172
-6.82139561 7.26892334
-7.01569710 7.22650647
-7.18738127 7.12612316
-7.31964247 6.97759964
-7.39953405 6.79547442
-7.41923567 6.59757518
-7.37681880 6.40327369
-7.27643549 6.23158952
-7.12791197 6.09932832
-6.94578674 6.01943674
-6.74788751 5.99973512
-6.55358601 6.04215200
-6.38190185 6.14253530
-6.24964065 6.29105883
-6.16974907 6.47318405

-7.24295784 1.94226636
-7.32738649 2.12233320
-7.46332661 2.26749705
-7.63747145 2.36354827
-7.83277449 2.40108469
-8.03011812 2.37643199
-8.21018495 2.29200334
-8.35534880 2.15606322
-8.45140002 1.98191838
-8.48893644 1.78661534
-8.46428374 1.58927171
-8.37985510 1.40920488
-8.24391497 1.26404103
-8.06977013 1.16798981
-7.87446709 1.13045339
-7.67712346 1.15510609
-7.49705663 1.23953473
-7.35189278 1.37547486
-7.25584156 1.54961970
-7.21830514 1.74492274

-7.25054471 -3.83384604
-7.30813684 -3.64349004
-7.42173345 -3.48024767
-7.58021491 -3.36009823
-7.76806796 -3.29480279
-7.96690422 -3.29075292
-8.15726023 -3.34834505
-8.32050260 -3.46194166
-8.44065203 -3.62042313
-8.50594747 -3.80827617
-8.50999734 -4.00711244
-8.45240521 -4.19746844
-8.33880860 -4.36071081
-8.18032714 -4.48086025
-7.99247409 -4.54615569
-7.79363783 -4.55020556
-7.60328183 -4.49261343
-7.44003946 -4.37901682
-7.31989002 -4.22053535
-7.25459458 -4.03268231

-7.19322406 -2.35998229
-7.23003109 -2.16454047
-7.32543149 -1.99003825
-7.47008682 -1.85355713
-7.64983720 -1.76845682
-7.84708741 -1.74306754
-8.04252923 -1.77987456
-8.21703144 -1.87527497
-8.35351257 -2.01993029
-8.43861288 -2.19968067
-8.46400216 -2.39693088
-8.42719514 -2.59237270
-8.33179473 -2.76687492
-8.18713941 -2.90335604
-8.00738903 -2.98845635
-7.81013882 -3.01384564
-7.61469700 -2.97703861
-7.44019478 -2.88163821
-7.30371365 -2.73698288
-7.21861334 -2.55723250

-7.67762926 6.70570735
-7.72377302 6.89915764
-7.82743777 7.06888060
-7.97847609 7.19826254
-8.16210329 7.27463868
-8.36034465 7.29053278
-8.55379494 7.24438902
-8.72351789 7.14072427
-8.85289984 6.98968595
-8.92927598 6.80605876
-8.94517008 6.60781739
-8.89902632 6.41436710
-8.79536156 6.24464415
-8.64432325 6.11526220
-8.46069605 6.03888606
-8.26245469 6.02299196
-8.06900440 6.06913572
-7.89928145 6.17280048
-7.76989950 6.32383879
-7.69352336 6.50746599

-7.20077330 4.39432137
-7.25805909 4.58476979
-7.37139291 4.74819471
-7.52968085 4.86859898
-7.71742860 4.93419658
-7.91625809 4.93856635
-8.10670651 4.88128056
-8.27013144 4.76794675
-8.39053570 4.60965880
-8.45613330 4.42191105
-8.46050308 4.22308156
-8.40321729 4.03263314
-8.28988347 3.86920822
-8.13159552 3.74880395
-7.94384778 3.68320635
-7.74501828 3.67883658
-7.55456987 3.73612236
-7.39114494 3.84945618
-7.27074067 4.00774413
-7.20514308 4.19549188

-4.69491214 8.19186660
-4.73659840 8.38632615
-4.83633570 8.55838641
-4.98436105 8.69120492
-5.16618470 8.77178049
-5.36400848 8.79222581
-5.55846803 8.75053955
-5.73052829 8.65080225
-5.86334681 8.50277690
-5.94392237 8.32095325
-5.96436769 8.12312947
-5.92268143 7.92866991
-5.82294414 7.75660965
-5.67491879 7.62379114
-5.49309514 7.54321558
-5.29527135 7.52277026
-5.10081180 7.56445652
-4.92875154 7.66419381
-4.79593303 7.81221916
-4.71535746 7.99404281

-6.73311576 8.79184063
-6.80113213 8.97872571
-6.92357021 9.13544577
-7.08844491 9.24665996
-7.27961714 9.30148185
-7.47837363 9.29454510
-7.66525872 9.22652873
-7.82197878 9.10409064
-7.93319296 8.93921595
-7.98801486 8.74804372
-7.98107811 8.54928722
-7.91306173 8.36240214
-7.79062365 8.20568208
-7.62574895 8.09446789
-7.43457672 8.03964600
-7.23582023 8.04658275
-7.04893515 8.11459913
-6.89221509 8.23703721
-6.78100090 8.40191191
-6.72617901 8.59308414

-3.88782475 -8.27539881
-3.95817282 -8.08937889
-4.08256112 -7.93420218
-4.24881367 -7.82505846
-4.44065650 -7.77263148
-4.63931071 -7.78205315
-4.82533063 -7.85240121
-4.98050734 -7.97678952
-5.08965106 -8.14304207
-5.14207805 -8.33488490
-5.13265638 -8.53353910
-5.06230831 -8.71955903
-4.93792000 -8.87473573
-4.77166746 -8.98387946
-4.57982462 -9.03630644
-4.38117042 -9.02688477
-4.19515050 -8.95653670
-4.03997379 -8.83214840
-3.93083007 -8.66589585
-3.87840308 -8.47405302

-2.47613069 8.26427420
-2.52542940 8.45694464
-2.63185370 8.62495097
-2.78498604 8.75184758
-2.96983676 8.82521293
-3.16831137 8.83786550
-3.36098181 8.78856679
-3.52898815 8.68214249
-3.65588475 8.52901015
-3.72925010 8.34415944
-3.74190268 8.14568482
-3.69260397 7.95301438
-3.58617967 7.78500804
-3.43304733 7.65811144
-3.24819661 7.58474609
-3.04972199 7.57209351
-2.85705155 7.62139222
-2.68904522 7.72781653
-2.56214861 7.88094886
-2.48878327 8.06579958

